50
33.3324328554012
-2.94951575565168
0.00248608999741826
8.62542106743433
-3.98149732807873
-5.39871675909056
6.64825351934447
-1.20100411852176
6.06890103546424
9.85631623130666
13.0753415318174
6.20207709271889
-7.12873143051779
-1.21542773417288
-1.10020827000674
5.77488009748705
4.72649563964369
3.84298873803244
-3.84771366141577
4.23283611611126
2.65839210026294
-0.270031719584532
1.30147616642847
2.78554524936198
2.66008141829541
-5.3009435158796
3.55674466378495
3.13261527939503
-2.86826986034707
0.95575850500721
-4.35881420885242
-0.783311114360681
8.0277048332744
10.2142216417744
7.89439307125467
4.54830139123011
-5.12365811102728
0.740467711826096
8.65266504202402
-4.16132881118473
-1.05896934839645
1.34947349239074
-0.244365962881795
-2.00880253578679
0.950568168504493
-2.52754791858372
5.16991094942718
-12.8048289259696
9.08784153928825
2.90199014498991
-2.94951575565168
46.8360334906099
-8.97180506292355
2.88709686584905
1.35057831039133
3.66358720432096
-2.60892090236195
-4.52086553484938
-7.86992988791614
2.34342356765985
-0.801293347233303
7.98537503567127
-7.49076490385055
13.8073419657441
2.3548034508465
-4.12993469998655
-0.347965444251447
-0.14346883529166
5.33724148169966
-2.21995135724962
1.50151693892423
3.51958034680292
4.76739275938117
5.21437358568324
17.8562193316898
-4.02669022639649
-3.76707998247162
6.68190183461361
-3.23377686944583
-0.48194023354634
1.46762347592326
4.44062993427251
9.23246851941373
-3.79907306713233
-5.53322178839212
2.58092591812353
-4.17059261888538
-10.8404265264767
0.891710609888568
-0.483177504027551
5.9124020908842
-2.14166322486432
-0.728891254313761
-3.46160226025298
6.3738900596041
10.1424995602504
4.6790425663443
4.59319028055822
0.502768456315151
-4.52070274744864
0.00248608999741826
-8.97180506292355
50.7282670058312
-0.0910506294515491
7.31950991182772
-16.793028373506
-9.49648152900162
-1.84838496609394
3.76237598563493
0.462636261747009
1.1711777185183
7.6368630819295
-5.86243124372091
-5.39574549083926
-2.4751684843948
7.81510517048726
-1.12375241707558
-6.84219452878284
-0.621570959840031
-6.25615646894757
5.43272111859835
4.09962011589031
-4.04934508721526
9.23482468505848
-14.1617920944699
3.92779727683769
4.72641217699092
-3.68011847250917
9.10327717334349
6.56286516178552
4.01415325838449
-9.11604850896621
0.121242748969594
1.58271534370249
8.88393318170407
-10.8518800768798
0.917027530317295
-1.56796999146433
11.993058895133
-5.54635585647324
2.01201999638051
7.93361184664593
-7.18139494557325
-6.75017431811418
10.0224505317406
1.34336578500465
5.44092665388248
-0.207801854642175
-11.5242549580188
-3.29523938571756
8.62542106743433
2.88709686584905
-0.0910506294515491
51.2993381161013
-5.34436543692516
6.7169141031477
-4.00405277590877
1.43768798383983
5.73678634986675
2.35175911472788
14.0122411798101
-3.2249217647068
-4.26702158601223
4.34447923704984
3.78719650227001
-1.24523434486208
3.40025790742285
6.49784467167197
3.8372254006423
-16.0122762884985
7.69047585313148
-8.77329354962572
0.460439803764985
1.71329895217135
-5.11365537984061
-2.95234127359405
-6.48985359817599
8.15481792128988
7.0266654394278
-6.03983268951822
5.96637239868537
5.76385674635503
8.29109788323513
3.2352278120913
7.78986468793797
2.39161115068303
0.207513472181438
10.6481660851345
1.13766328520589
3.11441771204176
-6.87917969819504
-6.67914711322866
-1.85836964615953
-9.45965264563872
-5.46316566270162
7.21333863395212
-2.0944262034128
0.725288989602362
1.88308703513261
1.31076413546149
-3.98149732807873
1.35057831039133
7.31950991182772
-5.34436543692516
49.4911818023257
-14.1043023127035
-4.99218469809815
-1.09547823766358
1.27080457571097
5.1504696977943
-14.9663572043566
8.02230683170961
1.77660073572805
-2.37459387168045
8.37552696513326
5.14930720140457
-8.635383276791
-5.19373766911932
-6.1536114788077
-2.36732785872626
9.26030148747568
-5.89104970078335
2.29384823789212
6.50086825746188
3.15150158939994
2.88405307323736
-2.05593893842852
-4.58820252022118
-2.2252638823621
12.3404668520439
3.31857455957489
-12.5078442466872
-12.040813362808
9.40013651602231
-4.29476912398797
-7.06428946006111
6.32941076824322
1.68196869954465
-5.43173345740958
5.30686267526074
6.75388018881355
4.83529067748361
-5.70514822848163
0.42984040031508
0.58181892518329
3.51065211640798
2.90193947832916
-4.91540962031369
-5.69260115075657
0.345320341748502
-5.39871675909056
3.66358720432096
-16.793028373506
6.7169141031477
-14.1043023127035
61.6176626905209
-9.56354401086552
-1.23329787894727
-3.82052781237619
-9.04264429794392
-5.27495910965389
1.95670926719691
-15.7120619730643
2.07349835454385
-8.12655778686162
-2.73245093264831
-8.03618281205043
4.3904443117639
1.72133010313035
8.77916035675133
-8.30294377211716
-7.49983031270112
-1.99967905714142
-0.516719540170987
-2.17497381936537
1.75644196027411
-3.95465774976487
-9.067578498725
3.64400332109832
-9.72301787803087
10.7163604687987
5.53943472238028
-8.85690622489588
-4.10813752237959
-5.5670694754713
-3.58786231530332
5.26272615535175
21.3153686596986
1.71178129223139
3.7024152048065
-1.69634802398145
-15.9597744033024
-0.863046313556225
-2.72014968062609
3.94857122150967
-6.40032693195982
4.84457575976067
-5.03652929586779
1.11885326385512
2.85236239472632
6.64825351934447
-2.60892090236195
-9.49648152900162
-4.00405277590877
-4.99218469809815
-9.56354401086552
62.9272955020506
-4.61694431796016
-5.997395574164
-1.635130395176
8.23321895368241
0.456484759873779
11.7388619622186
-1.62004698787544
6.96297255698255
-2.43963128004889
-4.12890433595961
-14.7390232120126
-8.07866254994879
5.20733861751139
5.7548537711982
0.708696127080341
5.44230300128773
-6.88692142435145
2.07229407179644
4.39581269925195
10.7565797627909
11.9791239313285
12.9491372925087
-3.11636886969634
-1.06148692639982
17.0482450853942
0.377619855604245
-9.39707259910569
-4.26157619898609
2.27447279485944
-10.0395745602563
-3.80751756885348
6.90603509051442
0.654542388824054
-3.42190567986992
-2.99642218137243
10.9225514755124
-0.51796821745059
-2.30799755909371
-3.7357271274541
1.53320502860372
2.55442458837553
-6.02847624329932
3.15518035138817
-1.20100411852176
-4.52086553484938
-1.84838496609394
1.43768798383983
-1.09547823766358
-1.23329787894727
-4.61694431796016
46.5379489901973
8.06473943998117
6.91178977867896
2.01516466006359
-5.57383597884279
1.48724926972761
5.25491941086087
-0.412022229165794
2.15196063857742
-8.22081367004458
-7.19744995602114
11.0154246702736
-10.6424548315096
-13.4852594092795
-6.37542887973346
-5.97114696243714
-2.92317767283892
-7.7622412897459
0.780062379064927
1.08784210514982
-6.83249705693042
-0.638588284626821
4.12747433909591
5.10054286277708
-3.27221299913297
11.7557104874929
-7.67525297231602
4.70273348051516
-0.251374921280424
3.89644576559327
-13.0227382162224
0.981357876866866
-4.80008304285958
13.1546578266289
-5.4158570152945
-10.6247341455689
-3.51038816385193
2.80704835319986
-11.7445285130749
-10.8907713347437
-17.3599718879596
-1.541536375867
3.82536313357503
6.06890103546424
-7.86992988791614
3.76237598563493
5.73678634986675
1.27080457571097
-3.82052781237619
-5.997395574164
8.06473943998117
44.6156783791321
0.405315079548304
7.05939642916129
4.93471541315104
3.60507152364674
15.6051888272147
8.24561194318174
13.0653551522633
0.22096993096703
3.03621408770193
1.2855649718499
-10.4863060555601
0.313146030673543
-3.61950279676071
3.63423220182627
7.5085844846411
-2.62748082873654
-11.9687289129361
9.07709896527952
-7.66710405203453
1.726622295346
2.29230507578668
2.53000765533272
-4.62303120343673
0.670167333870687
-2.43111868589985
1.74115715927258
-1.77138708833298
-3.95278608043436
4.03188457326501
-2.81678763461222
-5.16903087179851
-5.6715680881432
-1.84122534686666
0.606374638698542
-9.01004884693758
-1.87440771689375
-0.323228687856265
-10.5664585740532
-3.35544331197187
-3.55067849128426
6.69912778874999
9.85631623130666
2.34342356765985
0.462636261747009
2.35175911472788
5.1504696977943
-9.04264429794392
-1.635130395176
6.91178977867896
0.405315079548304
58.5094780795474
-9.83691771286716
7.91529682349805
-1.63517624504987
6.63936448376385
3.65801204983378
15.998124511142
3.86014303365853
7.77108635148779
-0.479887610637047
8.0958290590698
-5.26140990702422
-8.4705721893773
-9.23122624376866
4.77143653492946
9.06087915100679
3.08518596590815
-3.85657963544231
2.9141572682369
0.642103723023036
5.15228379133127
12.0645383966716
-7.74922568024443
0.0645129675297724
14.1420104562869
14.417708689568
2.78257359470489
-5.13542492144364
-3.76792407300318
-10.903903857517
2.55785962315637
13.4743385002718
8.00979704967023
-4.61261498404182
6.17881985033875
-3.84684016919076
0.816899847442191
-14.7494700152104
-9.34725971090159
-13.4062808969222
-11.4180109554592
13.0753415318174
-0.801293347233303
1.1711777185183
14.0122411798101
-14.9663572043566
-5.27495910965389
8.23321895368241
2.01516466006359
7.05939642916129
-9.83691771286716
54.5835799348574
2.24226402179959
7.64286794613687
-7.89827633411858
-2.64444664888602
-8.01276591348589
2.87337436685677
-3.77585547042101
6.98599040127121
4.29184230680839
-5.15785323278363
-1.73346684638066
15.4442152831462
-9.94371835448744
-3.57169599762483
-5.81091404485938
-4.96274908024733
3.83622147029062
6.65848393388172
-6.7324518936329
-16.4328760500358
1.17978158079774
6.44161381417703
-2.66715783461572
8.63110578543091
15.5844811690037
-2.61254114645931
4.45212613031604
7.8499663336265
-4.18134582341995
-12.2501773792074
-5.43319525356718
2.48712282115607
-1.40138317283813
-5.24131772847327
5.55632669973947
-2.20814930585406
1.04359488400752
-2.25675983566405
-1.3630032530472
6.20207709271889
7.98537503567127
7.6368630819295
-3.2249217647068
8.02230683170961
1.95670926719691
0.456484759873779
-5.57383597884279
4.93471541315104
7.91529682349805
2.24226402179959
43.5401564634714
-3.38183738242453
-1.27303910739413
-10.4125307028423
7.74659546257934
5.10242286676112
-0.657028572324453
5.27021316812754
8.77480234837167
-1.31329874199894
10.6177907064889
13.596048411011
17.5070436045626
-1.91449591341632
-17.5062332819086
6.11826190281771
1.22010976641708
7.18678458432246
13.2606771975797
1.81231840877187
-3.81056682503587
5.29887962800528
13.3035002953721
-6.96716487164129
0.792738156849547
-3.30012499177434
8.92618761137906
6.20157517554295
-1.26143238115368
7.31183022002246
4.47418089374406
2.58773912043445
5.70460843387147
11.1906427042468
0.147962578058649
-2.17015825196905
5.21030528916252
-7.32870512795843
1.70057893497018
-7.12873143051779
-7.49076490385055
-5.86243124372091
-4.26702158601223
1.77660073572805
-15.7120619730643
11.7388619622186
1.48724926972761
3.60507152364674
-1.63517624504987
7.64286794613687
-3.38183738242453
58.4625027631386
-1.75546075783712
4.70633805537296
-6.59400442703106
13.3786311394687
-4.22341919593862
-2.71856041608969
2.51184216101463
-7.55832989281469
-7.11050546644217
7.64705283480202
-7.78618283783238
-7.74278515335488
2.99073435748752
21.6565052773933
8.44962268150318
-5.60875405760737
2.56816148213148
-12.5587659796362
-4.05788498517036
-0.898616939987252
-3.76919187376773
2.30449607133727
-6.90154960720087
-7.87846905771956
4.9373586470818
-10.7209250186214
-3.98505634327848
-13.6490998906081
13.2295536796755
-5.80159344843278
9.74703198639932
-10.7038795494702
-0.297658161544761
-9.79735377959238
2.63663751469199
-3.41405134205336
0.201612104949965
-1.21542773417288
13.8073419657441
-5.39574549083926
4.34447923704984
-2.37459387168045
2.07349835454385
-1.62004698787544
5.25491941086087
15.6051888272147
6.63936448376385
-7.89827633411858
-1.27303910739413
-1.75546075783712
47.8228027412028
11.4415222429001
1.0359957916973
-2.93244183285158
-1.35150294010861
5.99291804953986
6.6855030049241
1.3345590983269
-8.13307233503057
-7.10796258518247
2.89913104820005
5.36768163010523
-0.850817415770958
4.77077284252272
-12.0858238676716
-5.06016594002883
8.66060708206858
-12.2770942406234
-0.374740923290419
-7.59484471795046
-5.42366677534816
-1.85841578260645
11.3095731741836
-2.33687588143228
-0.0519381990810395
-12.4171522559199
7.61048084351864
0.68763165355975
-10.8566936988051
-7.95054291101793
3.27059305009163
6.78045030372571
4.56977826389512
-4.74390102735878
-9.13094197614936
-2.84165433689686
9.06299494039509
-1.10020827000674
2.3548034508465
-2.4751684843948
3.78719650227001
8.37552696513326
-8.12655778686162
6.96297255698255
-0.412022229165794
8.24561194318174
3.65801204983378
-2.64444664888602
-10.4125307028423
4.70633805537296
11.4415222429001
47.7166849674692
14.2168308924001
3.70183054694911
-6.41768958625614
7.99041775566806
4.97871650292538
7.04498251622621
-2.02156056204945
-0.845238155837139
-0.94574746542542
-0.0782704127036702
0.809908248215454
-4.41047442237368
1.28907996528259
-1.89807780452098
-6.54936232843528
-3.31838574663169
3.92713397956196
-7.02505714808077
-6.4516731178676
-1.17577177083426
-3.64705250384826
-6.83451807075512
-5.60245297709031
-0.419075768647148
0.672317455251438
-1.05460136324901
-4.26725703305435
2.93511997926212
-6.80832971734561
-1.23304991867705
9.24998013225607
1.3471442014961
-0.201273118175401
1.64664530607781
13.4390388826265
5.77488009748705
-4.12993469998655
7.81510517048726
-1.24523434486208
5.14930720140457
-2.73245093264831
-2.43963128004889
2.15196063857742
13.0653551522633
15.998124511142
-8.01276591348589
7.74659546257934
-6.59400442703106
1.0359957916973
14.2168308924001
63.8469302945894
4.84596533396152
-1.54964757511544
6.65506364008641
-10.052672468781
-1.63527744493029
-7.17806538350212
8.13793552041786
13.9790632437776
1.6274171871618
-20.5833299791874
-4.6112047199361
0.15359842578036
2.68235883234299
-0.651985364220879
9.36569626165222
-6.6025154456406
4.97489804914979
-7.59287836529314
3.28472822544214
-7.68854328114674
-4.07379409402227
-5.79829983089456
-1.68009332909474
0.817570426555201
14.3658735329517
-4.98117923147405
16.5729794235004
-6.72848332284486
11.7465466736968
2.92714969613876
-6.98985661441182
6.54280520633534
-6.12066437532234
3.47570622064102
4.72649563964369
-0.347965444251447
-1.12375241707558
3.40025790742285
-8.635383276791
-8.03618281205043
-4.12890433595961
-8.22081367004458
0.22096993096703
3.86014303365853
2.87337436685677
5.10242286676112
13.3786311394687
-2.93244183285158
3.70183054694911
4.84596533396152
43.6126202318576
15.2182664015469
1.98443451338758
-2.51687699140594
-4.47419021722237
-2.84517641725314
3.05024728498931
12.0582998920731
-3.10783153549602
-7.78620451475562
8.96765512627789
9.8806320474125
2.98323602460055
0.197925463643083
-10.7868544442838
4.49516651455174
11.3924021319363
-2.68564048708633
-1.91464333063395
0.296401437579804
3.4506576209147
7.56601861196788
-13.724933039918
-3.85137957732148
-7.23443537986566
12.6749880084756
0.992698254433543
6.20335568574361
-11.4648784913336
5.51309488156399
1.72765737896036
1.72357197690109
5.294429194139
2.12679721638961
3.84298873803244
-0.14346883529166
-6.84219452878284
6.49784467167197
-5.19373766911932
4.3904443117639
-14.7390232120126
-7.19744995602114
3.03621408770193
7.77108635148779
-3.77585547042101
-0.657028572324453
-4.22341919593862
-1.35150294010861
-6.41768958625614
-1.54964757511544
15.2182664015469
40.2037413220139
0.168181871410774
-1.18144220581389
1.57934767012111
5.70048557940457
0.124509020872459
14.6243237100733
3.7293566111322
-3.74688645444459
-2.82094278811693
-2.35806403502531
-2.30264465586384
-4.86889760686086
4.45215301630993
0.273156767004112
-2.96588724320364
7.92793195166432
4.18811382024568
6.28357361778547
4.4126761218299
4.68807221581121
-9.72406048078826
7.44199900087772
-5.63565319876773
10.2942749956584
2.21093719238843
-6.69851077039533
-12.9965551905698
12.9910643785541
-0.591076164414086
1.26455898122052
-2.0908980204181
-7.96165656940508
-3.84771366141577
5.33724148169966
-0.621570959840031
3.8372254006423
-6.1536114788077
1.72133010313035
-8.07866254994879
11.0154246702736
1.2855649718499
-0.479887610637047
6.98599040127121
5.27021316812754
-2.71856041608969
5.99291804953986
7.99041775566806
6.65506364008641
1.98443451338758
0.168181871410774
57.3593795241082
1.21074196716413
-16.1419927779124
-2.67049370512603
1.265408648034
1.51727150435682
-0.751218300972646
6.35697405253546
7.93581024859932
-6.06312643196689
-2.90752136103756
-5.49992144446234
-3.8401217525696
2.29435992355652
11.6687009836489
0.879162318922874
1.2571046272057
2.60966863340508
-8.70380038880109
4.27973725412891
17.6723520682984
-2.98783990459362
-0.456717678697964
2.39471047867488
-0.616265906510645
5.70678891814989
-8.92569136064585
-4.03375472510777
-5.63297961944755
2.59019191459416
-0.902167661527688
2.89074207277883
4.23283611611126
-2.21995135724962
-6.25615646894757
-16.0122762884985
-2.36732785872626
8.77916035675133
5.20733861751139
-10.6424548315096
-10.4863060555601
8.0958290590698
4.29184230680839
8.77480234837167
2.51184216101463
6.6855030049241
4.97871650292538
-10.052672468781
-2.51687699140594
-1.18144220581389
1.21074196716413
68.8897614850109
-3.19254644861821
3.00134172777013
5.8162977029174
2.35080538395214
-4.94565339549721
15.793561038528
-7.43898719372266
-4.76276904421888
-3.72617523662254
-5.89613293369743
-12.2666634650494
-17.4952296435487
-14.3746563521415
2.70681935520668
-7.62127744726707
8.56517555801868
-10.9005283382788
9.90772336568483
-9.99690467894384
6.13798859051876
-0.35577551399359
-4.32020688626003
-10.3130755004897
10.9467681262262
10.4011312847144
-2.16847490368845
-6.31011132679283
-3.09982643649546
1.90559467598125
6.68122109587222
2.65839210026294
1.50151693892423
5.43272111859835
7.69047585313148
9.26030148747568
-8.30294377211716
5.7548537711982
-13.4852594092795
0.313146030673543
-5.26140990702422
-5.15785323278363
-1.31329874199894
-7.55832989281469
1.3345590983269
7.04498251622621
-1.63527744493029
-4.47419021722237
1.57934767012111
-16.1419927779124
-3.19254644861821
37.0822370782946
-3.74178422330779
-5.4756591937391
-1.94908527627604
10.5661163002639
-6.98358472720491
1.5099657415875
3.84454388947302
-2.41451867027698
1.74404869683488
4.15503743904768
6.40427467715654
-7.25145443762156
4.26866864322948
-8.21438905972941
1.46271828255052
-1.52546146149775
2.96209368113966
0.790006713088515
5.52353426191933
-6.96751075032917
-0.990005651861345
8.81122925333574
-7.06992230994907
10.7159782301663
2.92579091097098
-2.12163055321614
13.2094728073189
5.03170208673645
1.63360187211836
-0.270031719584532
3.51958034680292
4.09962011589031
-8.77329354962572
-5.89104970078335
-7.49983031270112
0.708696127080341
-6.37542887973346
-3.61950279676071
-8.4705721893773
-1.73346684638066
10.6177907064889
-7.11050546644217
-8.13307233503057
-2.02156056204945
-7.17806538350212
-2.84517641725314
5.70048557940457
-2.67049370512603
3.00134172777013
-3.74178422330779
52.5987039702389
16.7491191543771
6.53964529105721
-12.1775373594177
-4.09126257151766
-11.085573627127
2.51508184530388
4.1650214243272
-12.5298526688094
1.29680441367235
6.72280590332167
0.0734558696711232
-0.496822125764119
-0.336981985430706
1.04799509509095
-0.69935039139387
-21.4948372404285
6.61571057536061
-7.95462963796289
-4.4682218741113
6.60157284219453
5.37642897214585
-5.16844394626811
-2.80685400969814
9.38035663230844
2.73490102588807
11.503703602243
-2.1706666753222
5.79613192551758
1.30147616642847
4.76739275938117
-4.04934508721526
0.460439803764985
2.29384823789212
-1.99967905714142
5.44230300128773
-5.97114696243714
3.63423220182627
-9.23122624376866
15.4442152831462
13.596048411011
7.64705283480202
-7.10796258518247
-0.845238155837139
8.13793552041786
3.05024728498931
0.124509020872459
1.265408648034
5.8162977029174
-5.4756591937391
16.7491191543771
43.6638387372809
1.3077289620926
-2.32842855705072
-10.5097495082259
-9.48955454095387
8.45719479883178
5.17971352563242
-5.09441153612274
-5.22779663163173
2.85104341630353
11.5090566520292
-4.73668374792949
-8.60829724982266
1.03753313851384
1.96292453379362
-4.33918580362568
-3.65625143998409
-0.953269526101784
-7.57674598418942
-2.68011137449515
3.47327809848065
-3.66221423118807
-3.54194138370196
7.50551436316106
-0.881435597172456
4.99940524271578
0.773064515110694
1.56221899637556
2.78554524936198
5.21437358568324
9.23482468505848
1.71329895217135
6.50086825746188
-0.516719540170987
-6.88692142435145
-2.92317767283892
7.5085844846411
4.77143653492946
-9.94371835448744
17.5070436045626
-7.78618283783238
2.89913104820005
-0.94574746542542
13.9790632437776
12.0582998920731
14.6243237100733
1.51727150435682
2.35080538395214
-1.94908527627604
6.53964529105721
1.3077289620926
65.6101668358651
1.57404212152907
-11.526667208333
-5.64775532380596
1.00221235356578
9.3946254640605
-2.41556124013048
9.14076769312513
-11.8148116220625
-2.12188543157118
3.41698519149975
-8.15322085822563
0.0913635685162046
-4.22745031102313
-3.77178149683216
-15.1386882157844
2.15919837126198
3.77547870375125
7.65699129442206
-6.26972334628314
-1.69196249864631
5.05412304927954
7.35435332083489
14.16055897855
-2.30079540496794
-2.03042424283544
4.42136265679426
2.66008141829541
17.8562193316898
-14.1617920944699
-5.11365537984061
3.15150158939994
-2.17497381936537
2.07229407179644
-7.7622412897459
-2.62748082873654
9.06087915100679
-3.57169599762483
-1.91449591341632
-7.74278515335488
5.36768163010523
-0.0782704127036702
1.6274171871618
-3.10783153549602
3.7293566111322
-0.751218300972646
-4.94565339549721
10.5661163002639
-12.1775373594177
-2.32842855705072
1.57404212152907
51.4642061161786
3.08178415951647
1.73085436449392
5.92225553081221
-12.4887629099934
8.38227469719467
-3.82898218146666
-0.400230807900892
11.6314588689228
-7.62383128536236
-6.42435959995977
7.57704340463153
-10.624277241673
-10.1573072733795
-2.82574758710969
3.54843949202005
-12.2972819907182
-0.32866099432334
7.09940760500705
5.25545133189064
0.190361220341158
2.79446149917417
-2.0156643369656
-1.67858462196474
5.85237918410884
-8.2287951505087
-5.3009435158796
-4.02669022639649
3.92779727683769
-2.95234127359405
2.88405307323736
1.75644196027411
4.39581269925195
0.780062379064927
-11.9687289129361
3.08518596590815
-5.81091404485938
-17.5062332819086
2.99073435748752
-0.850817415770958
0.809908248215454
-20.5833299791874
-7.78620451475562
-3.74688645444459
6.35697405253546
15.793561038528
-6.98358472720491
-4.09126257151766
-10.5097495082259
-11.526667208333
3.08178415951647
68.8398836528467
5.72917553123071
-3.36473025144913
-12.815042286709
-10.2992147091007
-5.41733554665266
-0.897299838810615
3.24293452181369
-3.16544262326456
10.5631419247414
2.92513821359382
8.20642946779779
-3.75892686445473
3.16966661985172
-3.08026941243697
-14.8721896765283
1.91607027869189
-10.9632200361824
0.559904109064292
-6.88004350875958
6.65795157663177
-3.27231883145602
-1.53607527490348
4.47381213439881
13.263222882266
3.55674466378495
-3.76707998247162
4.72641217699092
-6.48985359817599
-2.05593893842852
-3.95465774976487
10.7565797627909
1.08784210514982
9.07709896527952
-3.85657963544231
-4.96274908024733
6.11826190281771
21.6565052773933
4.77077284252272
-4.41047442237368
-4.6112047199361
8.96765512627789
-2.82094278811693
7.93581024859932
-7.43898719372266
1.5099657415875
-11.085573627127
-9.48955454095387
-5.64775532380596
1.73085436449392
5.72917553123071
54.0296356017523
1.98647708396063
-1.78357494063151
7.98345399296018
-8.78501331788721
3.1532535122285
2.93580656265043
-6.87282859975903
5.03989445866787
-7.78482942255967
0.280471134251791
8.93806989380902
14.3455906975264
-10.5079911384563
-9.33599135403813
10.467526514941
-2.99318863139762
11.7649192852827
-6.06214016187358
-9.15402717763834
-1.99162286775732
-7.35631416243131
0.627194684334293
-1.03547469681694
3.13261527939503
6.68190183461361
-3.68011847250917
8.15481792128988
-4.58820252022118
-9.067578498725
11.9791239313285
-6.83249705693042
-7.66710405203453
2.9141572682369
3.83622147029062
1.22010976641708
8.44962268150318
-12.0858238676716
1.28907996528259
0.15359842578036
9.8806320474125
-2.35806403502531
-6.06312643196689
-4.76276904421888
3.84454388947302
2.51508184530388
8.45719479883178
1.00221235356578
5.92225553081221
-3.36473025144913
1.98647708396063
33.6317922347567
6.93742380839844
-3.92211165313977
0.273881302956443
15.2332682965781
5.9273749784476
-8.45422213355402
-7.70938745770698
-4.48970007560438
-8.72849780887367
-7.44628471202749
1.83240979268773
-5.13960835669117
-1.54632564998701
5.35215820337742
5.40828643031286
2.96762627802481
-9.08763291504643
0.314298160526015
-4.06579002574447
-1.99744944865793
6.67078797331285
-9.07646774149763
-2.86826986034707
-3.23377686944583
9.10327717334349
7.0266654394278
-2.2252638823621
3.64400332109832
12.9491372925087
-0.638588284626821
1.726622295346
0.642103723023036
6.65848393388172
7.18678458432246
-5.60875405760737
-5.06016594002883
-1.89807780452098
2.68235883234299
2.98323602460055
-2.30264465586384
-2.90752136103756
-3.72617523662254
-2.41451867027698
4.1650214243272
5.17971352563242
9.3946254640605
-12.4887629099934
-12.815042286709
-1.78357494063151
6.93742380839844
36.0169374284751
-3.49603902796803
-4.61963066009149
8.13935540079162
-3.92648677037938
-4.99211937936166
-1.15326052100913
-6.94288769238422
3.1146348108664
-2.69661611273598
-4.39345609411041
3.714448457024
2.47339075753214
1.6669013368457
1.53810728064024
0.133444914743451
-13.1035227335623
-5.99976920852631
3.31190141325743
-1.76398236868481
-10.9778898943697
-13.3419004044571
0.95575850500721
-0.48194023354634
6.56286516178552
-6.03983268951822
12.3404668520439
-9.72301787803087
-3.11636886969634
4.12747433909591
2.29230507578668
5.15228379133127
-6.7324518936329
13.2606771975797
2.56816148213148
8.66060708206858
-6.54936232843528
-0.651985364220879
0.197925463643083
-4.86889760686086
-5.49992144446234
-5.89613293369743
1.74404869683488
-12.5298526688094
-5.09441153612274
-2.41556124013048
8.38227469719467
-10.2992147091007
7.98345399296018
-3.92211165313977
-3.49603902796803
53.2774872477815
-6.8229369121976
-8.56099814432753
-2.1563292749083
3.07495449452381
-0.890181381107131
-0.556543491643026
-1.22106354933604
12.2221798772945
-2.99616576287772
-7.98464212674052
13.9437760966958
-6.95027747517832
-6.32287603329007
8.24274978824187
9.15083211715172
2.08906470996281
-2.80166515772456
-13.4845248643635
8.1675999072444
-1.07344547865519
-4.35881420885242
1.46762347592326
4.01415325838449
5.96637239868537
3.31857455957489
10.7163604687987
-1.06148692639982
5.10054286277708
2.53000765533272
12.0645383966716
-16.4328760500358
1.81231840877187
-12.5587659796362
-12.2770942406234
-3.31838574663169
9.36569626165222
-10.7868544442838
4.45215301630993
-3.8401217525696
-12.2666634650494
4.15503743904768
1.29680441367235
-5.22779663163173
9.14076769312513
-3.82898218146666
-5.41733554665266
-8.78501331788721
0.273881302956443
-4.61963066009149
-6.8229369121976
58.4998137918239
-1.93654399918453
11.7994096042998
15.8791741938663
1.93394425843807
-7.47496307475033
3.3236679374862
4.12843353015397
3.72677935448677
-8.32442012406572
18.4127301599292
-2.27514573379444
4.79090522270024
-12.8062833549408
7.17384165607923
-3.54581509557226
-5.34454901497912
5.4569507193199
-4.76805597483152
-1.51400320130714
-0.783311114360681
4.44062993427251
-9.11604850896621
5.76385674635503
-12.5078442466872
5.53943472238028
17.0482450853942
-3.27221299913297
-4.62303120343673
-7.74922568024443
1.17978158079774
-3.81056682503587
-4.05788498517036
-0.374740923290419
3.92713397956196
-6.6025154456406
4.49516651455174
0.273156767004112
2.29435992355652
-17.4952296435487
6.40427467715654
6.72280590332167
2.85104341630353
-11.8148116220625
-0.400230807900892
-0.897299838810615
3.1532535122285
15.2332682965781
8.13935540079162
-8.56099814432753
-1.93654399918453
39.9237307218651
1.89616796589742
-5.49999341922512
-3.07140407139228
-1.20330067760351
-0.982628013209172
-3.6855477234376
10.2009911492765
-0.339833822356622
-6.45424582304023
1.85570018277569
14.894631494912
4.61092777430328
-6.21602605644684
4.04463583047814
2.55846124104057
5.20140211150266
6.24855541716604
-2.35340451304387
8.0277048332744
9.23246851941373
0.121242748969594
8.29109788323513
-12.040813362808
-8.85690622489588
0.377619855604245
11.7557104874929
0.670167333870687
0.0645129675297724
6.44161381417703
5.29887962800528
-0.898616939987252
-7.59484471795046
-7.02505714808077
4.97489804914979
11.3924021319363
-2.96588724320364
11.6687009836489
-14.3746563521415
-7.25145443762156
0.0734558696711232
11.5090566520292
-2.12188543157118
11.6314588689228
3.24293452181369
2.93580656265043
5.9273749784476
-3.92648677037938
-2.1563292749083
11.7994096042998
1.89616796589742
62.6583095784211
-5.46897301924093
-4.34607982434545
2.7883197399132
3.60541046515792
-11.8634332927397
-1.99892050124947
-6.28291750539563
3.24617711415474
0.745488838036447
0.698304774007668
-2.67237924342917
-1.09340551016595
-2.78681462483583
6.0398370679307
3.99367550347111
1.17774338180674
2.21304588136925
10.2142216417744
-3.79907306713233
1.58271534370249
3.2352278120913
9.40013651602231
-4.10813752237959
-9.39707259910569
-7.67525297231602
-2.43111868589985
14.1420104562869
-2.66715783461572
13.3035002953721
-3.76919187376773
-5.42366677534816
-6.4516731178676
-7.59287836529314
-2.68564048708633
7.92793195166432
0.879162318922874
2.70681935520668
4.26866864322948
-0.496822125764119
-4.73668374792949
3.41698519149975
-7.62383128536236
-3.16544262326456
-6.87282859975903
-8.45422213355402
-4.99211937936166
3.07495449452381
15.8791741938663
-5.49999341922512
-5.46897301924093
57.2428898922005
5.69806801041772
3.10394722014736
6.01607833357591
7.26290533875242
-2.15499808011391
1.10728870545957
7.24272180503293
3.20830280809499
3.11246233103207
6.10768436687837
-0.765090098242358
3.36024686791695
-3.57621034053498
12.2960212656417
2.39424551991347
-6.0476520143815
7.89439307125467
-5.53322178839212
8.88393318170407
7.78986468793797
-4.29476912398797
-5.5670694754713
-4.26157619898609
4.70273348051516
1.74115715927258
14.417708689568
8.63110578543091
-6.96716487164129
2.30449607133727
-1.85841578260645
-1.17577177083426
3.28472822544214
-1.91464333063395
4.18811382024568
1.2571046272057
-7.62127744726707
-8.21438905972941
-0.336981985430706
-8.60829724982266
-8.15322085822563
-6.42435959995977
10.5631419247414
5.03989445866787
-7.70938745770698
-1.15326052100913
-0.890181381107131
1.93394425843807
-3.07140407139228
-4.34607982434545
5.69806801041772
44.8253137097867
-1.25379690918565
6.23535500789476
1.84692378754283
7.45176082069191
-0.183999059333806
5.53982071114048
-1.00386572568182
-6.97830608174521
0.965528426094024
-0.704678334484536
4.71347192141588
-7.04483494795815
-3.8566624034992
-2.63737553114667
-5.21055834238498
4.54830139123011
2.58092591812353
-10.8518800768798
2.39161115068303
-7.06428946006111
-3.58786231530332
2.27447279485944
-0.251374921280424
-1.77138708833298
2.78257359470489
15.5844811690037
0.792738156849547
-6.90154960720087
11.3095731741836
-3.64705250384826
-7.68854328114674
0.296401437579804
6.28357361778547
2.60966863340508
8.56517555801868
1.46271828255052
1.04799509509095
1.03753313851384
0.0913635685162046
7.57704340463153
2.92513821359382
-7.78482942255967
-4.48970007560438
-6.94288769238422
-0.556543491643026
-7.47496307475033
-1.20330067760351
2.7883197399132
3.10394722014736
-1.25379690918565
38.6090630764829
4.63463354909161
-6.2410275803302
-9.92370175790964
6.13755110734322
-9.03974458996604
-7.11367536202232
4.14125420555093
-0.807980819961934
-6.21418786591126
1.95965163647752
-7.71374522452108
2.04057551390013
-6.02999172475252
6.35596686904006
-5.12365811102728
-4.17059261888538
0.917027530317295
0.207513472181438
6.32941076824322
5.26272615535175
-10.0395745602563
3.89644576559327
-3.95278608043436
-5.13542492144364
-2.61254114645931
-3.30012499177434
-7.87846905771956
-2.33687588143228
-6.83451807075512
-4.07379409402227
3.4506576209147
4.4126761218299
-8.70380038880109
-10.9005283382788
-1.52546146149775
-0.69935039139387
1.96292453379362
-4.22745031102313
-10.624277241673
8.20642946779779
0.280471134251791
-8.72849780887367
3.1146348108664
-1.22106354933604
3.3236679374862
-0.982628013209172
3.60541046515792
6.01607833357591
6.23535500789476
4.63463354909161
47.2146142765484
-3.38674129410658
-10.5662815380706
5.72140305401148
10.6710445349872
-9.03413414607352
2.46786972714734
-0.0853145099239958
-2.1820336845643
-0.178886114284646
2.6487268543648
-7.89897439378821
0.0938297649976778
7.98520457861217
0.740467711826096
-10.8404265264767
-1.56796999146433
10.6481660851345
1.68196869954465
21.3153686596986
-3.80751756885348
-13.0227382162224
4.03188457326501
-3.76792407300318
4.45212613031604
8.92618761137906
4.9373586470818
-0.0519381990810395
-5.60245297709031
-5.79829983089456
7.56601861196788
4.68807221581121
4.27973725412891
9.90772336568483
2.96209368113966
-21.4948372404285
-4.33918580362568
-3.77178149683216
-10.1573072733795
-3.75892686445473
8.93806989380902
-7.44628471202749
-2.69661611273598
12.2221798772945
4.12843353015397
-3.6855477234376
-11.8634332927397
7.26290533875242
1.84692378754283
-6.2410275803302
-3.38674129410658
62.2846397721815
6.10166983169051
1.93140851083219
-2.17451815411245
-11.4028894747058
-10.5756277906942
5.80795843828589
6.55035405280719
-3.52253031564013
2.24266650271236
-0.735376094884157
7.50994427922019
-0.885503556705195
8.65266504202402
0.891710609888568
11.993058895133
1.13766328520589
-5.43173345740958
1.71178129223139
6.90603509051442
0.981357876866866
-2.81678763461222
-10.903903857517
7.8499663336265
6.20157517554295
-10.7209250186214
-12.4171522559199
-0.419075768647148
-1.68009332909474
-13.724933039918
-9.72406048078826
17.6723520682984
-9.99690467894384
0.790006713088515
6.61571057536061
-3.65625143998409
-15.1386882157844
-2.82574758710969
3.16966661985172
14.3455906975264
1.83240979268773
-4.39345609411041
-2.99616576287772
3.72677935448677
10.2009911492765
-1.99892050124947
-2.15499808011391
7.45176082069191
-9.92370175790964
-10.5662815380706
6.10166983169051
58.6383987593049
-7.00839417533331
-3.51563367318831
-2.30104862881401
6.39668246048061
-6.17700385127789
4.5327568361827
-0.990680924369843
10.3600165677167
-3.58122045535238
3.00201534312673
1.97862466716619
-4.16132881118473
-0.483177504027551
-5.54635585647324
3.11441771204176
5.30686267526074
3.7024152048065
0.654542388824054
-4.80008304285958
-5.16903087179851
2.55785962315637
-4.18134582341995
-1.26143238115368
-3.98505634327848
7.61048084351864
0.672317455251438
0.817570426555201
-3.85137957732148
7.44199900087772
-2.98783990459362
6.13798859051876
5.52353426191933
-7.95462963796289
-0.953269526101784
2.15919837126198
3.54843949202005
-3.08026941243697
-10.5079911384563
-5.13960835669117
3.714448457024
-7.98464212674052
-8.32442012406572
-0.339833822356622
-6.28291750539563
1.10728870545957
-0.183999059333806
6.13755110734322
5.72140305401148
1.93140851083219
-7.00839417533331
30.0473345829229
3.7225494050492
-3.99974072976241
-1.61188085279584
-4.94372397699861
-2.15554180110957
3.58516908329467
4.32915580512244
2.35582908540264
-13.5597412809202
-5.99520962542684
-1.05896934839645
5.9124020908842
2.01201999638051
-6.87917969819504
6.75388018881355
-1.69634802398145
-3.42190567986992
13.1546578266289
-5.6715680881432
13.4743385002718
-12.2501773792074
7.31183022002246
-13.6490998906081
0.68763165355975
-1.05460136324901
14.3658735329517
-7.23443537986566
-5.63565319876773
-0.456717678697964
-0.35577551399359
-6.96751075032917
-4.4682218741113
-7.57674598418942
3.77547870375125
-12.2972819907182
-14.8721896765283
-9.33599135403813
-1.54632564998701
2.47339075753214
13.9437760966958
18.4127301599292
-6.45424582304023
3.24617711415474
7.24272180503293
5.53982071114048
-9.03974458996604
10.6710445349872
-2.17451815411245
-3.51563367318831
3.7225494050492
51.9162853724838
-6.76332228089287
-4.1033875579404
-3.35345846131087
17.0782208464679
-4.8503685609287
1.43425853278701
-6.86466960787245
-5.29371751737258
-4.69159192324958
1.34947349239074
-2.14166322486432
7.93361184664593
-6.67914711322866
4.83529067748361
-15.9597744033024
-2.99642218137243
-5.4158570152945
-1.84122534686666
8.00979704967023
-5.43319525356718
4.47418089374406
13.2295536796755
-10.8566936988051
-4.26725703305435
-4.98117923147405
12.6749880084756
10.2942749956584
2.39471047867488
-4.32020688626003
-0.990005651861345
6.60157284219453
-2.68011137449515
7.65699129442206
-0.32866099432334
1.91607027869189
10.467526514941
5.35215820337742
1.6669013368457
-6.95027747517832
-2.27514573379444
1.85570018277569
0.745488838036447
3.20830280809499
-1.00386572568182
-7.11367536202232
-9.03413414607352
-11.4028894747058
-2.30104862881401
-3.99974072976241
-6.76332228089287
40.4192083031134
-1.7764491246877
-0.310828345006566
-10.9736370724819
-5.05883697949935
2.17716139205559
8.54043289308867
-6.12892890510534
-5.93950420067205
-0.244365962881795
-0.728891254313761
-7.18139494557325
-1.85836964615953
-5.70514822848163
-0.863046313556225
10.9225514755124
-10.6247341455689
0.606374638698542
-4.61261498404182
2.48712282115607
2.58773912043445
-5.80159344843278
-7.95054291101793
2.93511997926212
16.5729794235004
0.992698254433543
2.21093719238843
-0.616265906510645
-10.3130755004897
8.81122925333574
5.37642897214585
3.47327809848065
-6.26972334628314
7.09940760500705
-10.9632200361824
-2.99318863139762
5.40828643031286
1.53810728064024
-6.32287603329007
4.79090522270024
14.894631494912
0.698304774007668
3.11246233103207
-6.97830608174521
4.14125420555093
2.46786972714734
-10.5756277906942
6.39668246048061
-1.61188085279584
-4.1033875579404
-1.7764491246877
38.9489912837483
1.01805041095605
3.65595738970225
3.67919662643938
-5.29829489059102
14.7608229301406
4.69904004810822
5.64399565117212
-2.00880253578679
-3.46160226025298
-6.75017431811418
-9.45965264563872
0.42984040031508
-2.72014968062609
-0.51796821745059
-3.51038816385193
-9.01004884693758
6.17881985033875
-1.40138317283813
5.70460843387147
9.74703198639932
3.27059305009163
-6.80832971734561
-6.72848332284486
6.20335568574361
-6.69851077039533
5.70678891814989
10.9467681262262
-7.06992230994907
-5.16844394626811
-3.66221423118807
-1.69196249864631
5.25545133189064
0.559904109064292
11.7649192852827
2.96762627802481
0.133444914743451
8.24274978824187
-12.8062833549408
4.61092777430328
-2.67237924342917
6.10768436687837
0.965528426094024
-0.807980819961934
-0.0853145099239958
5.80795843828589
-6.17700385127789
-4.94372397699861
-3.35345846131087
-0.310828345006566
1.01805041095605
47.2219097785088
1.08990528606851
6.32343068821824
-0.366515423732251
-0.766777456173642
12.3240552788081
-4.26287880640918
0.950568168504493
6.3738900596041
10.0224505317406
-5.46316566270162
0.58181892518329
3.94857122150967
-2.30799755909371
2.80704835319986
-1.87440771689375
-3.84684016919076
-5.24131772847327
11.1906427042468
-10.7038795494702
6.78045030372571
-1.23304991867705
11.7465466736968
-11.4648784913336
-12.9965551905698
-8.92569136064585
10.4011312847144
10.7159782301663
-2.80685400969814
-3.54194138370196
5.05412304927954
0.190361220341158
-6.88004350875958
-6.06214016187358
-9.08763291504643
-13.1035227335623
9.15083211715172
7.17384165607923
-6.21602605644684
-1.09340551016595
-0.765090098242358
-0.704678334484536
-6.21418786591126
-2.1820336845643
6.55035405280719
4.5327568361827
-2.15554180110957
17.0782208464679
-10.9736370724819
3.65595738970225
1.08990528606851
53.3459003872648
-2.90944175239509
4.07898448415857
5.92341732310766
10.1797582140134
13.993371607746
-2.52754791858372
10.1424995602504
1.34336578500465
7.21333863395212
3.51065211640798
-6.40032693195982
-3.7357271274541
-11.7445285130749
-0.323228687856265
0.816899847442191
5.55632669973947
0.147962578058649
-0.297658161544761
4.56977826389512
9.24998013225607
2.92714969613876
5.51309488156399
12.9910643785541
-4.03375472510777
-2.16847490368845
2.92579091097098
9.38035663230844
7.50551436316106
7.35435332083489
2.79446149917417
6.65795157663177
-9.15402717763834
0.314298160526015
-5.99976920852631
2.08906470996281
-3.54581509557226
4.04463583047814
-2.78681462483583
3.36024686791695
4.71347192141588
1.95965163647752
-0.178886114284646
-3.52253031564013
-0.990680924369843
3.58516908329467
-4.8503685609287
-5.05883697949935
3.67919662643938
6.32343068821824
-2.90944175239509
44.254556220398
7.87367686497201
14.7263754401783
-0.257015652330489
3.7040844684031
5.16991094942718
4.6790425663443
5.44092665388248
-2.0944262034128
2.90193947832916
4.84457575976067
1.53320502860372
-10.8907713347437
-10.5664585740532
-14.7494700152104
-2.20814930585406
-2.17015825196905
-9.79735377959238
-4.74390102735878
1.3471442014961
-6.98985661441182
1.72765737896036
-0.591076164414086
-5.63297961944755
-6.31011132679283
-2.12163055321614
2.73490102588807
-0.881435597172456
14.16055897855
-2.0156643369656
-3.27231883145602
-1.99162286775732
-4.06579002574447
3.31190141325743
-2.80166515772456
-5.34454901497912
2.55846124104057
6.0398370679307
-3.57621034053498
-7.04483494795815
-7.71374522452108
2.6487268543648
2.24266650271236
10.3600165677167
4.32915580512244
1.43425853278701
2.17716139205559
-5.29829489059102
-0.366515423732251
4.07898448415857
7.87367686497201
46.4932552162476
-8.64267268003902
-0.882038675234179
3.94715740258742
-12.8048289259696
4.59319028055822
-0.207801854642175
0.725288989602362
-4.91540962031369
-5.03652929586779
2.55442458837553
-17.3599718879596
-3.35544331197187
-9.34725971090159
1.04359488400752
5.21030528916252
2.63663751469199
-9.13094197614936
-0.201273118175401
6.54280520633534
1.72357197690109
1.26455898122052
2.59019191459416
-3.09982643649546
13.2094728073189
11.503703602243
4.99940524271578
-2.30079540496794
-1.67858462196474
-1.53607527490348
-7.35631416243131
-1.99744944865793
-1.76398236868481
-13.4845248643635
5.4569507193199
5.20140211150266
3.99367550347111
12.2960212656417
-3.8566624034992
2.04057551390013
-7.89897439378821
-0.735376094884157
-3.58122045535238
2.35582908540264
-6.86466960787245
8.54043289308867
14.7608229301406
-0.766777456173642
5.92341732310766
14.7263754401783
-8.64267268003902
58.8800704135635
-4.10799071614001
-2.87023589554917
9.08784153928825
0.502768456315151
-11.5242549580188
1.88308703513261
-5.69260115075657
1.11885326385512
-6.02847624329932
-1.541536375867
-3.55067849128426
-13.4062808969222
-2.25675983566405
-7.32870512795843
-3.41405134205336
-2.84165433689686
1.64664530607781
-6.12066437532234
5.294429194139
-2.0908980204181
-0.902167661527688
1.90559467598125
5.03170208673645
-2.1706666753222
0.773064515110694
-2.03042424283544
5.85237918410884
4.47381213439881
0.627194684334293
6.67078797331285
-10.9778898943697
8.1675999072444
-4.76805597483152
6.24855541716604
1.17774338180674
2.39424551991347
-2.63737553114667
-6.02999172475252
0.0938297649976778
7.50994427922019
3.00201534312673
-13.5597412809202
-5.29371751737258
-6.12892890510534
4.69904004810822
12.3240552788081
10.1797582140134
-0.257015652330489
-0.882038675234179
-4.10799071614001
43.5966798115758
13.2748043776678
2.90199014498991
-4.52070274744864
-3.29523938571756
1.31076413546149
0.345320341748502
2.85236239472632
3.15518035138817
3.82536313357503
6.69912778874999
-11.4180109554592
-1.3630032530472
1.70057893497018
0.201612104949965
9.06299494039509
13.4390388826265
3.47570622064102
2.12679721638961
-7.96165656940508
2.89074207277883
6.68122109587222
1.63360187211836
5.79613192551758
1.56221899637556
4.42136265679426
-8.2287951505087
13.263222882266
-1.03547469681694
-9.07646774149763
-13.3419004044571
-1.07344547865519
-1.51400320130714
-2.35340451304387
2.21304588136925
-6.0476520143815
-5.21055834238498
6.35596686904006
7.98520457861217
-0.885503556705195
1.97862466716619
-5.99520962542684
-4.69159192324958
-5.93950420067205
5.64399565117212
-4.26287880640918
13.993371607746
3.7040844684031
3.94715740258742
-2.87023589554917
13.2748043776678
40.8999502324041
0
0
0
0
0
0
0
0
0
0
0
0
0
0
0
0
0
0
0
0
0
0
0
0
0
0
0
0
0
0
0
0
0
0
0
0
0
0
0
0
0
0
0
0
0
0
0
0
0
0
